"Estimate" "Std. Error" "df" "t value" "Pr(>|t|)"
"TD" 1.44000000000002 0.373034528952045 8.95085006800108 3.86023246707313 0.00388554156184898
"TD" 0.280000000000001 0.139776347481607 288.999850756613 2.00320014827148 0.0460893500316529
"SES.PD" -0.547079029525338 0.297215123802746 7.05048628635885 -1.84068368569434 0.107933341165174
"SES.PD" -0.583749207451613 0.194413031005716 116.173639771486 -3.00262386956176 0.00327786841824855
"SES.FD" -0.58914770369403 0.314539468196463 8.91070869698555 -1.87304857820274 0.0941706398235873
"SES.FD" 0.0093676774657381 0.199775044911887 115.896101587664 0.0468911293193292 0.962680703749293
"SES.MPDi" -0.506379700900007 0.303529795818112 7.40754705535661 -1.66830310525248 0.136826215493596
"SES.MPDi" -0.580224260436369 0.186064691554093 115.64032763275 -3.11840067876439 0.00229516271989817
"SES.MPD" -0.546325148827228 0.317772470226703 7.24654115703632 -1.71923372857778 0.12780238069532
"SES.MPD" -0.568491168135394 0.184343284948911 115.353227656645 -3.08387239759206 0.00255711940347497
"SES.MFDi" -0.625829191419292 0.306163226856131 8.83195773819309 -2.04410306830668 0.0718838224348277
"SES.MFDi" 0.0869964057398837 0.200754899465133 116.188126966955 0.433346364007385 0.665566619626462
"SES.MFD" -0.679821228393234 0.340570609389153 9.26939143173544 -1.996124179983 0.0761109757002695
"SES.MFD" 0.174863154603123 0.20198129998313 115.633475292674 0.865739326451149 0.38842579949302
