"Estimate" "Std. Error" "df" "t value" "Pr(>|t|)"
"H.TD" -2.06378086830037 0.162767388314712 7.03325194196298 -12.679326551029 4.2225331780606e-06
"H.TD" -0.0994361347998702 0.0459657991866133 289.000003634002 -2.1632634819679 0.0313405614762067
"H.PD" 0.173998833142318 0.0901304959240594 7.58098469867408 1.93052119993795 0.0916614648979927
"H.PD" 0.727680663617922 0.0902787988896733 288.999999812115 8.06037156638732 2.02767130704347e-14
"H.FD" 0.508871395751434 0.0639685187000705 297.99999999371 7.95502859988648 3.76022971102342e-14
"H.FD" -0.0315895205331013 0.0904651467105567 297.99999999006 -0.349189955267214 0.727193318423323
"H.MPDi" 0.0763611515766747 0.128291406970706 6.30426165421007 0.595216416903984 0.572432118877415
"H.MPDi" 0.93843329184957 0.0952857265415878 288.999998453447 9.84862398504132 6.38724308817664e-20
"H.MPD" 0.225960187812538 0.176664483271154 7.23539884456168 1.27903573841564 0.240375649170767
"H.MPD" 0.84833000866064 0.103912027481353 289.000002661241 8.1639250933957 1.01269631014872e-14
"H.MFDi" 0.618664039719427 0.0628840514564825 297.999999983353 9.83817081422559 5.82263918954371e-20
"H.MFDi" -0.312233065564775 0.0889314784267239 297.999999993555 -3.51093978294809 0.000515597603167188
"H.MFD" 0.679972074666657 0.0942887530938462 8.40969619145627 7.21159260627698 7.10780528359386e-05
"H.MFD" -0.564364274005498 0.101447957718086 289.00000062045 -5.56309152692666 6.0413818587858e-08
