"Estimate" "Std. Error" "df" "t value" "Pr(>|t|)"
"TD" 6.29620000000002 0.784933206796043 8.64559940341833 8.02131945175308 2.7426987976625e-05
"TD" -1.169 0.0875836017046309 289.000067896798 -13.3472473984612 5.51428659356861e-32
"SES.PD" -0.458743031364646 0.263829179337481 6.14077550461314 -1.73878807687848 0.131597077606964
"SES.PD" -1.01657129599313 0.0476637089133576 288.999994886232 -21.3279939637312 2.78141806990482e-61
"SES.FD" -0.771931954685103 0.213304783491649 7.00160893413541 -3.6189153475563 0.00851913003954114
"SES.FD" -0.03753262261054 0.0491509099703069 288.99998299409 -0.763620096417631 0.445716608213157
"SES.MPDi" -0.382323513100463 0.277278931615425 6.74666209659411 -1.37884083321098 0.211920408032431
"SES.MPDi" -1.14028647667366 0.0511502295336354 289.000001059378 -22.2928907078281 9.61894007962655e-65
"SES.MPD" -0.480370313482724 0.315352669742656 6.86081421892469 -1.52327967882666 0.172366216870408
"SES.MPD" -0.930261855157585 0.0503492601995679 288.999999551841 -18.4761772361765 7.2663563206546e-51
"SES.MFDi" -0.913838930990615 0.21762464765971 6.82064396852566 -4.19915180021127 0.00428034741813868
"SES.MFDi" 0.275695500501809 0.0445559181102734 289.000000700633 6.18762921279005 2.08457234872425e-09
"SES.MFD" -0.922173259070387 0.263116128788554 8.2768586808544 -3.50481463571344 0.00760349475383629
"SES.MFD" 0.463323303392736 0.0436888329215306 288.999938061502 10.605073937885 2.06973669318537e-22
